[0;32;40m;[0;1;30;90;40mS[0;32;40m;[0;34;40mt[0;32;40m%[0;31;40m%[0;34;40mS[0;32;40mS[0;1;30;90;40mS[0;34;40m;[0;1;30;90;40mX[0;32;40mt[0;1;30;90;40mX[0;34;40m;[0;1;30;90;40mX[0;32;40m;[0;1;30;90;40mX[0;34;40m;[0;1;30;90;40mX[0;32;40mt[0;1;30;90;40mX[0;34;40m;[0;1;30;90;40mX[0;32;40mt[0;1;30;90;40mX[0;34;40mt[0;1;30;90;40m@[0;32;40mt[0;1;30;90;40mXSSSSSX@SS@8[0m
[0;32;40m;[0;34;40m%[0;32;40m;[0;31;40mt[0;34;40mt[0;32;40mS[0;1;30;90;40mX[0;34;40m;[0;1;30;90;40mS[0;32;40m;[0;1;30;90;40mX[0;34;40mt[0;32;40mt[0;31;40m;[0;1;30;90;40mX[0;34;40m:[0;1;30;90;40mS[0;32;40m:[0;1;30;90;40mS[0;34;40m:[0;31;40m.[0;32;40m;[0;31;40m%[0;34;40mt[0;32;40m;[0;31;40mt[0;32;40m;[0;34;40mt[0;32;40m;[0;34;40m;[0;32;40mt[0;34;40mt[0;32;40mt[0;34;40m;[0;32;40m;%[0;34;40mt[0;32;40m:t[0;30;5;40;100m8[0m
[0;1;30;90;40m8[0;32;40mS[0;34;40mt[0;32;40m%[0;30;5;40;100mS@8[0;1;30;90;40m888[0;30;5;40;100mXX8[0;1;30;90;40m8@@[0;30;5;40;100m8[0;1;30;90;40m88X[0;30;5;40;100m8[0;1;30;90;40mX8[0;30;5;40;100m8[0;1;30;90;40mS8[0;31;5;40;100mX[0;1;30;90;40m8@[0;30;5;40;100m8[0;31;5;40;100m@[0;30;5;40;100m8[0;1;30;90;40m@[0;32;40m%[0;31;5;40;100mS[0;35;5;40;100mS[0;32;40m%[0;34;40mt[0;1;30;90;40m@8[0m
[0;1;30;90;40m@[0;34;40mS[0;32;40mt[0;34;40m%[0;32;40m%[0;34;40m%[0;32;40m%[0;34;40mX[0;32;40mS[0;34;40mX[0;32;40m@[0;34;40mX[0;32;40m%[0;34;40m;[0;32;40m%[0;1;30;90;40m8@8[0;36;5;40;100m%[0;30;5;40;100m8[0;33;5;40;100m%[0;30;5;40;100m@S8[0;32;40mt[0;34;40mt[0;32;40mt[0;34;40mt[0;32;40m%[0;34;40mt[0;32;40m%[0;34;40mt[0;32;40m%[0;34;40m%[0;32;40m%S[0;34;40m@[0;32;40mS[0;1;30;90;40mX@[0m
[0;30;5;40;100mX[0;32;40m@[0;1;30;90;41m8@@8[0;31;40m8[0;31;5;40;100mX[0;32;40m%[0;34;40mX[0;30;5;40;100m8[0;32;40mX[0;1;30;90;40m8[0;1;30;90;41mS8[0;31;5;40;100m8[0;1;30;90;40m8[0;1;30;90;41m88[0;31;5;40;100m88[0;1;30;90;40m8[0;31;5;40;100m88[0;31;40mt[0;1;30;90;41m8@8[0;32;40mt[0;1;30;90;41m88@[0;31;5;40;100m8[0;1;30;90;41m8[0;31;5;40;100m8[0;34;40mS[0;33;5;40;100m8[0;30;41m8[0;34;40mX[0;30;5;40;100m8[0m
[0;33;5;40;100m [0;1;30;90;40m8[0;1;30;90;41mX[0;1;31;91;41m@[0;31;5;40;100m8[0;30;5;40;100m8[0;1;30;90;41m8[0;33;41m@[0;34;40mX[0;32;40m8[0;36;5;40;100m8[0;34;40m%[0;31;5;41;101m8[0;33;5;40;100mt[0;34;40mS[0;1;30;90;41m8[0;33;41m8[0;1;30;90;41mX[0;31;5;41;101m8[0;31;5;40;100m@[0;1;31;91;41m8[0;31;5;40;100m@[0;33;41m8[0;1;30;90;41m8[0;1;31;91;41m8[0;32;5;40;100m@[0;30;41m8[0;31;5;40;100m8[0;1;30;90;41m8[0;31;43m8[0;1;30;90;41m88[0;1;30;90;40m@[0;33;41m8[0;31;43m8[0;31;5;40;100mX[0;31;5;41;101m@[0;33;5;40;100mX[0;32;40mt[0;1;30;90;40m8[0m
[0;32;40m;[0;34;40m%[0;1;30;90;41m@[0;31;43m8[0;1;30;90;41m@88[0;31;5;41;101m8[0;33;5;40;100m8[0;1;30;90;41m8[0;30;5;40;100mS[0;1;30;90;42m8[0;31;5;40;100mX[0;33;5;41;101mX[0;33;5;40;100mX[0;1;31;91;41m8[0;31;5;40;100m8[0;1;30;90;41m@[0;31;43m8[0;1;30;90;41m8[0;1;31;91;43m8[0;1;30;90;40m@[0;31;5;41;101m8[0;33;5;40;100mS[0;1;30;90;41m8[0;31;5;41;101m8[0;33;5;40;100mt[0;31;5;41;101m@[0;33;5;40;100mX[0;31;5;41;101m;[0;33;5;40;100mtS[0;31;5;40;100m8[0;31;5;41;101mX[0;35;5;40;100mX[0;1;30;90;41m8[0;33;5;41;101m:[0;31;5;40;100m@[0;34;40m%[0;1;30;90;40m8[0m
[0;32;40mS[0;34;40mS[0;1;30;90;40m8[0;1;30;90;41mS[0;30;5;40;100m8X8[0;33;5;40;100mS[0;30;5;40;100m8[0;31;5;40;100mS[0;36;5;40;100m8[0;34;40m@[0;36;5;40;100m;[0;37;5;40;100m8%[0;33;5;40;100mt[0;34;40m;[0;30;5;40;100mX[0;31;5;40;100mS[0;30;5;40;100m8[0;35;5;40;100mS[0;30;5;40;100m8@88[0;33;5;40;100mX[0;31;5;40;100m8[0;1;30;90;40m88[0;33;5;40;100mt[0;1;30;90;41m8[0;31;5;40;100m8[0;1;30;90;40m8[0;30;5;40;100m8[0;31;40mS[0;32;40m8[0;30;5;40;100mS[0;31;40mt[0;32;40mX[0;30;5;40;100m8[0m
[0;1;30;90;40m8[0;32;40m8[0;34;40mS[0;1;30;90;40m8[0;36;5;40;100m8[0;32;5;40;100m8[0;36;5;40;100m88[0;34;5;40;100mS[0;36;5;40;100m8@[0;32;5;40;100m8[0;36;5;40;100mX% 8[0;32;40mX[0;34;5;40;100mX[0;32;5;40;100m8[0;36;5;40;100m8[0;32;5;40;100m8[0;36;5;40;100m8[0;32;40mS[0;36;5;40;100m%:8X8[0;34;40mS[0;36;5;40;100mS8[0;34;40m;[0;32;40mS[0;34;40mt[0;1;30;90;40m888[0;34;40mS[0;1;30;90;40mX@[0m
[0;1;30;90;40m88[0;32;40mS[0;34;40mX[0;36;5;40;100m88888%%8[0;30;5;40;100m8[0;36;5;40;100m@[0;1;30;90;47mS[0;36;5;40;100m8[0;32;5;40;100mS[0;30;5;40;100mX[0;36;5;40;100m8[0;30;5;40;100m@[0;34;5;40;100mS[0;36;5;40;100m8[0;30;5;40;100mX[0;36;5;40;100m [0;1;37;97;47m8[0;37;46m8[0;36;5;40;100m.[0;1;30;90;47mX[0;1;30;90;46m8[0;37;5;40;100m8[0;32;40m8[0;34;40m8[0;1;30;90;40m@[0;32;40mX[0;34;40m%[0;32;40mX[0;34;40mS[0;32;40mX[0;34;40m%[0;1;30;90;40m8[0m
[0;1;30;90;40m88[0;34;40m%[0;1;30;90;42m8[0;36;5;40;100m8[0;30;5;40;100mS[0;36;5;40;100m8%t[0;36;47m8[0;36;5;40;100m:@S.[0;1;30;90;47m.[0;36;5;40;100m8888@[0;32;5;40;100mX[0;36;5;40;100m8%[0;1;30;90;47m;[0;1;30;90;46m8[0;36;5;40;100m [0;36;47m8[0;1;30;90;46m8[0;36;5;40;100m@[0;1;30;90;46m8[0;36;5;40;100m@[0;32;40m8[0;30;5;40;100m8[0;34;40m%[0;32;40mX[0;34;40mS[0;1;30;90;40m8[0;32;40mX[0;1;30;90;40m@@[0m
[0;32;40mt[0;34;40m%[0;32;40m%[0;34;40mS[0;36;5;40;100mS[0;1;30;90;46m8[0;36;5;40;100m@.[0;36;47m88[0;1;30;90;46m8[0;36;5;40;100m.[0;36;47m8[0;1;30;90;47m [0;36;47mX[0;36;5;40;100m88%; :.[0;1;30;90;46m8[0;36;5;40;100mX.[0;36;47m8[0;37;5;40;100m8[0;1;30;90;46m8[0;37;5;40;100m8[0;1;30;90;47m@[0;36;5;40;100m8[0;30;5;40;100m@[0;34;40mX[0;32;40m8[0;1;30;90;40m888[0;34;40mt[0;32;40m%[0;1;30;90;40m8[0m
[0;1;30;90;40m8[0;32;40m@[0;34;40m@[0;32;5;40;100m@[0;36;5;40;100mt[0;1;30;90;46m8[0;1;30;90;47mt[0;37;46m@[0;36;47m8X@8[0;1;30;90;46m8[0;1;37;97;47mt[0;37;5;47;107m8[0;1;30;90;47mt[0;36;5;40;100m%[0;1;30;90;47mSt[0;36;47mX[0;1;30;90;47m [0;1;37;97;47mS[0;36;47m8[0;36;5;40;100m [0;1;37;97;47mX[0;1;36;96;47mS[0;1;37;97;47mS%[0;1;30;90;46mSt[0;32;40m8[0;36;5;40;100m8[0;32;40mS[0;34;40m@[0;32;40mX[0;1;30;90;40m8[0;32;40m@[0;34;40mX[0;1;30;90;40m@@[0m
[0;30;5;40;100mX[0;36;5;40;100m8[0;1;30;90;40m8[0;36;5;40;100m8[0;1;30;90;46m888[0;36;47m88X8[0;1;30;90;46m8[0;36;5;40;100m.[0;1;37;97;47m@t[0;36;47m8@@S[0;1;37;97;47mS[0;36;47m8[0;1;37;97;47mX[0;36;47m@[0;1;37;97;47m8[0;36;47mX[0;1;30;90;47m [0;36;47mS[0;1;37;97;47m%[0;1;30;90;46m:[0;1;30;90;40m8[0;34;5;40;100mS[0;1;30;90;40m8[0;34;40mX[0;32;40m@[0;34;40m@[0;1;30;90;40m8[0;34;40mS[0;32;40m@[0;1;30;90;40mX@[0m
[0;36;5;40;100m@[0;1;30;90;40m8[0;1;30;90;46m%[0;34;5;40;100mX[0;36;5;40;100mXS[0;1;30;90;46m8[0;36;47m8[0;37;46m8[0;1;30;90;46m8[0;1;30;90;47mS[0;37;46m8[0;36;47m8[0;1;37;97;47m8[0;1;36;96;47mX[0;1;30;90;47m:[0;36;47m8[0;1;37;97;47mt[0;36;47m8[0;1;37;97;47mt[0;1;36;96;47mX[0;1;37;97;47mX[0;1;36;96;47mX[0;1;37;97;47m8[0;1;36;96;47m%[0;1;37;97;47m;8[0;36;47m8[0;36;5;40;100mX8[0;1;30;90;42m8[0;34;40m8[0;32;40m8[0;30;5;40;100m8[0;32;40mS[0;30;5;40;100mX[0;36;5;40;100m8[0;1;30;90;40m8[0;34;40m%[0;1;30;90;40m8[0m
[0;36;5;40;100m8[0;1;30;90;40m8[0;32;40m8[0;36;5;40;100m8[0;32;5;40;100mX[0;36;5;40;100m8X[0;1;30;90;46m8[0;1;37;97;47m;[0;36;47m8[0;37;46m8[0;36;47m88S[0;1;37;97;47m@[0;1;36;96;47mS[0;1;37;97;47m@8888[0;37;5;47;107m@X[0;1;37;97;47m8[0;1;30;90;46m8[0;1;37;97;47mtSt[0;36;5;40;100m [0;1;30;90;46m8[0;36;5;40;100m:%[0;30;5;40;100mX[0;34;40m8[0;32;5;40;100mX[0;34;40mX[0;36;5;40;100m;8[0;32;40m@[0;1;30;90;40m8[0m
[0;1;30;90;40m8[0;34;40m@[0;32;5;40;100m8[0;34;40m8[0;36;5;40;100m8X.[0;1;37;97;47mX[0;36;47m@[0;1;37;97;47mS[0;36;47m8[0;1;30;90;47m;[0;36;47m888[0;1;37;97;47m;8[0;37;5;47;107m;[0;1;37;97;47mt[0;36;5;40;100mt[0;1;30;90;47m8[0;37;5;47;107m:%[0;1;37;97;47m8[0;37;5;47;107m@[0;36;47m@[0;1;37;97;47m;[0;1;36;96;47mS[0;1;37;97;47m8X[0;1;30;90;47m:S[0;1;30;90;46m8[0;1;30;90;47m8[0;36;5;40;100m8[0;32;40m@[0;36;5;40;100m.@[0;1;30;90;40m8@[0m
[0;1;30;90;40m8[0;32;5;40;100mX[0;1;30;90;40m8[0;36;5;40;100m@ [0;1;30;90;47m%[0;36;5;40;100m:[0;36;47m@[0;1;37;97;47m8[0;36;47m8[0;1;30;90;47mt[0;36;5;40;100m;[0;1;37;97;47m;[0;1;30;90;47m [0;36;47m@[0;1;37;97;47m88[0;37;5;47;107m%[0;1;37;97;47m8[0;1;30;90;47m8;[0;37;5;47;107m;[0;1;37;97;47m@8[0;37;5;47;107mX8[0;1;37;97;47mSS@S[0;36;5;40;100mt8t[0;1;30;90;47m8[0;36;5;40;100m;Xt @[0;1;30;90;40m8[0m
[0;36;5;40;100m888[0;1;30;90;47m:[0;36;5;40;100mt[0;37;5;40;100mS[0;1;37;97;47m ;8[0;36;47mX[0;36;5;40;100m :[0;1;30;90;42m8[0;36;5;40;100m8[0;1;37;97;47mt8[0;37;5;47;107m%S[0;1;30;90;47m:[0;32;40m8[0;32;5;40;100mS[0;1;30;90;47mX [0;37;5;47;107m8%[0;1;37;97;47m.[0;36;5;40;100m. [0;1;37;97;47m:[0;36;47m8[0;36;5;40;100mt[0;1;30;90;47m@.[0;1;30;90;46m8[0;37;5;40;100m8[0;1;30;90;40m88[0;1;30;90;46m8[0;36;5;40;100m%[0;30;5;40;100m@[0m
[0;36;5;40;100mtX[0;1;30;90;47m;[0;1;36;96;47mX[0;1;30;90;47m.S[0;36;5;40;100m [0;1;37;97;47mt[0;37;5;47;107m@:[0;36;5;40;100m;8[0;34;40mt[0;1;30;90;40m8[0;1;37;97;47m8[0;37;5;47;107m:t [0;32;5;40;100mS[0;36;5;40;100m [0;1;30;90;47m:[0;32;40m8[0;34;46m8[0;1;37;97;47mt;[0;33;5;40;100m;[0;36;5;40;100m@[0;32;5;40;100m@[0;36;5;40;100m.t[0;32;5;40;100m8[0;36;5;40;100m8[0;1;30;90;47mX[0;1;30;90;46m8[0;30;5;40;100mX[0;34;40mS[0;32;40mX[0;1;30;90;40m8[0;1;30;90;47mt[0;32;40m8[0m
[0;36;5;40;100m [0;36;47m@[0;1;36;96;47m%[0;1;30;90;47m:[0;36;5;40;100m8S[0;33;5;40;100m [0;1;37;97;47mS[0;37;5;47;107m%[0;1;37;97;47m%[0;32;40mX[0;1;30;90;40m8[0;32;40m@[0;36;5;40;100m%[0;37;5;47;107m:: [0;1;37;97;47m@[0;34;40m%[0;36;5;40;100m88[0;34;40mX[0;30;42m8[0;1;37;97;47m8@[0;32;40mX[0;35;5;40;100m;[0;36;5;40;100m8[0;33;5;40;100m:[0;1;30;90;47mS[0;34;40mS[0;32;5;40;100mS[0;36;5;40;100m [0;34;5;40;100mX[0;32;40m%[0;34;40mt[0;1;30;90;40m8[0;34;40mS[0;1;30;90;47m:[0;36;5;40;100m8[0m
[0;1;30;90;47m [0;1;37;97;47mXX[0;36;5;40;100m8[0;32;40m%[0;36;5;40;100m%[0;33;5;40;100m [0;1;37;97;47m%8%[0;34;40m8[0;32;40mX[0;34;40m8[0;1;30;90;47mX[0;37;5;47;107m%S.[0;36;5;40;100m [0;32;40mt[0;30;5;40;100m@X[0;32;40mX[0;1;30;90;44m8[0;37;5;40;100mX[0;37;5;47;107m:[0;37;5;40;100m8[0;30;5;40;100m8[0;1;30;90;40m8[0;36;5;40;100m:[0;1;37;97;47mS[0;36;5;40;100mt[0;37;5;40;100m8[0;36;5;40;100m%[0;34;40mt[0;32;40mS[0;34;40mX[0;32;40mX[0;36;5;40;100m.[0;1;37;97;47m8[0;1;30;90;40m8[0m
[0;36;5;40;100m [0;37;46m@[0;1;30;90;46m8[0;34;5;40;100mX[0;32;5;40;100mX[0;34;40m:[0;32;5;40;100m8[0;1;30;90;47m [0;1;37;97;47m8[0;37;5;47;107mt[0;36;5;40;100m8[0;34;5;40;100m@[0;36;5;40;100m 8[0;1;37;97;47m8[0;37;5;47;107mX[0;1;30;90;47m%[0;32;40mS[0;34;40m@[0;36;5;40;100m8[0;34;40mX[0;32;5;40;100m8[0;32;40mS[0;1;37;97;47m.[0;37;5;47;107m:[0;1;30;90;47m%[0;1;30;90;40m8[0;36;5;40;100m@[0;30;5;40;100mX[0;1;37;97;47m8[0;36;5;40;100m;[0;1;37;97;47mt[0;36;5;40;100mS[0;32;40m;[0;34;40m@[0;1;30;90;40m@[0;36;5;40;100mt[0;37;5;47;107mS[0;1;37;97;47mS[0;34;5;40;100mX[0m
[0;36;5;40;100m.[0;36;47m8[0;36;5;40;100m% [0;1;30;90;47m:[0;34;40m;X[0;1;37;97;47mS[0;1;36;96;47mX[0;1;37;97;47m8[0;36;5;40;100m:[0;32;40m8[0;1;37;97;47mX[0;34;40m@[0;1;37;97;47m%[0;1;30;90;47m%[0;36;5;40;100m:;[0;32;40m:[0;30;5;40;100m@[0;32;40m8[0;34;40m8[0;36;5;40;100mX[0;1;37;97;47mS[0;37;5;47;107m%[0;1;30;90;47m;[0;36;5;40;100m8[0;1;37;97;47m%[0;34;5;40;100mX[0;36;5;40;100m 8[0;1;30;90;47m.[0;37;5;40;100m8[0;34;40mt[0;32;40mX[0;34;40m;[0;1;30;90;47mX[0;1;37;97;47m8[0;1;36;96;47m8[0;1;30;90;40m8[0m
[0;36;5;40;100m [0;1;36;96;47mS[0;1;30;90;47m%[0;36;47m@[0;1;36;96;47mS[0;1;30;90;40m8[0;32;40mS[0;1;30;90;47m@[0;1;36;96;47mS[0;36;47mS[0;36;5;40;100m.[0;1;30;90;44m8[0;1;37;97;47mt[0;36;5;40;100m;X[0;1;37;97;47m:8:[0;34;40m%[0;1;30;90;40m8[0;34;40m@[0;32;5;40;100mX[0;1;30;90;47m.[0;1;37;97;47m8[0;37;5;47;107m8[0;36;5;40;100m S[0;1;37;97;47mS[0;32;40m8[0;1;30;90;47mX[0;36;5;40;100m;[0;1;30;90;46m8[0;36;5;40;100m [0;30;5;40;100m@[0;34;40m@[0;32;40mX[0;37;5;40;100m8[0;1;36;96;47m8[0;1;30;90;47m@[0;34;5;40;100m8[0m
[0;36;5;40;100m;[0;1;30;90;46m8[0;1;30;90;47m@[0;36;47m8[0;1;30;90;47m;[0;36;5;40;100m8[0;34;40mt[0;36;5;40;100m8[0;1;30;90;47mS[0;36;47m88[0;1;30;90;47m%[0;1;30;90;46m8[0;1;30;90;47mt[0;36;5;40;100mS[0;1;30;90;47m%S.[0;1;30;90;40m8[0;32;40mS[0;34;40mt[0;36;5;40;100m%[0;1;37;97;47m:[0;1;30;90;47m [0;1;37;97;47mS[0;36;47m8[0;36;5;40;100m8[0;1;30;90;46m8[0;1;30;90;44m8[0;1;30;90;46m8[0;1;30;90;47m [0;36;47m88[0;36;5;40;100m8[0;34;40mtS[0;36;5;40;100m8[0;1;30;90;46m88[0;30;5;40;100m8[0m
[0;36;5;40;100m%:[0;1;30;90;46m888[0;34;5;40;100m8[0;32;40m:[0;30;5;40;100m@[0;1;30;90;46m8[0;1;30;90;47m%[0;1;30;90;46m8[0;36;47m888[0;1;30;90;47mt[0;1;30;90;46m888[0;36;5;40;100m%[0;34;40mX[0;32;40mt[0;1;30;90;40m8[0;1;30;90;47mt[0;1;30;90;46m8[0;36;47m@[0;1;30;90;47m%[0;36;5;40;100m@t@[0;34;5;40;100m@[0;1;30;90;46m@[0;36;5;40;100mX[0;1;30;90;46m8[0;36;5;40;100mt[0;34;40m%[0;32;40mS[0;34;5;40;100m8[0;36;5;40;100m [0;1;30;90;46m8[0;34;5;40;100m@[0m
[0;36;5;40;100m;[0;1;30;90;46m8[0;1;30;90;47m8[0;36;5;40;100m%[0;34;5;40;100mX[0;32;40mS[0;34;40m@[0;36;5;40;100m8XX.:[0;36;47m8[0;36;5;40;100m:[0;36;47m8[0;1;30;90;47m@[0;37;46m8[0;1;30;90;47m8[0;1;30;90;46m8[0;36;5;40;100mS[0;34;40m X[0;1;30;90;46m8[0;1;30;90;47m;[0;1;30;90;46m8[0;1;30;90;47m88[0;36;5;40;100mt;;;t.X[0;1;30;90;40m@[0;34;40mt[0;32;40m@[0;36;5;40;100m;:[0;30;5;40;100m@[0m
[0;36;5;40;100m%%XXX%%%SS88888@t:[0;1;30;90;47m%[0;37;5;40;100mX[0;32;40m:[0;1;30;90;40m8[0;36;5;40;100m;[0;1;30;90;46m8[0;37;5;40;100m@[0;1;30;90;46m8[0;37;46m8[0;37;5;40;100m8[0;37;46m8[0;36;5;40;100m:[0;37;46m8[0;36;5;40;100m:[0;1;30;90;46m8[0;34;5;40;100mX[0;34;40mS[0;32;40mX[0;34;40m8[0;34;5;40;100mS[0;30;5;40;100mX[0;34;40m@[0m
[0;36;5;40;100mS@SSS%t%%%XXSSXSS[0;1;30;90;46m8[0;36;5;40;100m .[0;32;40m:[0;32;5;40;100mX[0;36;5;40;100m.SS:[0;1;30;90;46m8[0;1;30;90;47m8[0;1;30;90;46m8[0;1;30;90;47m@[0;1;30;90;46m8[0;1;30;90;47m8[0;1;30;90;46m8[0;36;5;40;100m t%8[0;1;30;90;40m8[0;36;5;40;100m8[0;1;30;90;40m@[0m
[0;36;5;40;100m8[0;30;5;40;100m8[0;36;5;40;100mSS%%.:;:;;;::%;.%%[0;1;30;90;40m@[0;30;5;40;100m8[0;34;5;40;100mX[0;1;30;90;40m8[0;36;5;40;100m8X%S:[0;1;30;90;46m8[0;1;30;90;47m8[0;1;30;90;46m8[0;1;30;90;47m8[0;1;30;90;46m8[0;1;30;90;47m8[0;1;30;90;46m8[0;36;5;40;100m%@X[0;30;5;40;100m8[0m
[0;30;5;40;100mS[0;36;5;40;100m;[0;1;30;90;47m;t[0;37;5;40;100mX[0;36;5;40;100m8S%S%%;%:tt; [0;1;30;90;47m@[0;37;5;40;100m8[0;36;5;40;100m.[0;37;5;40;100m8[0;33;5;40;100m [0;36;5;40;100mt;[0;35;5;40;100m;[0;36;5;40;100m; :[0;34;5;40;100mX[0;36;5;40;100m@[0;34;5;40;100m@[0;36;5;40;100mXX8[0;34;5;40;100m@[0;36;5;40;100m8@8[0;1;30;90;40mX[0m
[0;30;5;40;100mX[0;34;5;40;100mX[0;30;5;40;100m8[0;34;5;40;100mX[0;1;30;90;40m8[0;34;5;40;100m8[0;30;5;40;100mS[0;36;5;40;100m8[0;34;5;40;100m8[0;36;5;40;100m8[0;34;5;40;100mS[0;36;5;40;100mXSXX[0;34;5;40;100mX[0;36;5;40;100mS8;[0;33;5;40;100m [0;36;5;40;100mt[0;33;5;40;100mt.[0;36;5;40;100mX[0;34;5;40;100mS[0;36;5;40;100m8SX[0;34;5;40;100m@[0;36;5;40;100mX[0;34;5;40;100m@[0;36;5;40;100m@[0;30;5;40;100m@[0;34;5;40;100m@[0;30;5;40;100mS[0;36;5;40;100m8[0;30;5;40;100m8[0;34;5;40;100m@[0;30;5;40;100mX[0;1;30;90;40m8[0m
