[0;1;30;90;46m88888[0;36;5;40;100mSt[0;1;30;90;46m8[0;36;5;40;100m [0;1;30;90;46m8[0;1;30;90;47m8[0;1;30;90;46m8[0;36;5;40;100mt[0;1;30;90;46m8[0;36;5;40;100m;[0;1;30;90;46m8[0;36;5;40;100m%[0;1;30;90;46m8[0;36;5;40;100mS[0;1;30;90;46m8[0;36;5;40;100mX%%tt%SX@X88[0;34;5;40;100mS[0;1;30;90;42m8[0;34;5;40;100mS[0;36;5;40;100m8[0;34;40m.[0;32;40mS[0;34;5;40;100mS[0;32;46m8[0m
[0;1;30;90;46m88888[0;37;46m88[0;36;47m88[0;37;46m8[0;37;5;40;100m8[0;37;46m8[0;1;30;90;46m88[0;37;46m8[0;36;5;40;100m [0;36;47m8[0;1;30;90;46m88888[0;37;46m8[0;1;30;90;46m8[0;36;47m8[0;1;30;90;46m88[0;1;30;90;47m@[0;1;30;90;46m8[0;36;5;40;100m;[0;1;30;90;46m88t[0;36;44m8[0;36;5;40;100m88[0;34;40mX[0;32;40mX[0;36;5;40;100m88[0m
[0;1;30;90;46m8[0;1;30;90;47mt[0;37;46m@[0;36;47m8[0;37;46m8[0;37;5;40;100m;[0;36;47m8[0;37;5;40;100mt[0;36;47m88[0;1;30;90;47m8[0;1;30;90;46m8[0;1;30;90;47m8[0;36;47m8[0;36;5;40;100m:[0;37;46m8[0;36;47m8@[0;1;30;90;47m8[0;36;47m8[0;1;30;90;47m888[0;1;30;90;46m8[0;1;30;90;47m8[0;36;5;40;100m.[0;36;47m8[0;1;30;90;46m8[0;1;30;90;47m8[0;1;30;90;46m8[0;37;5;40;100mt[0;36;5;40;100m ;:%.8[0;1;30;90;44m8[0;36;5;40;100m8X[0m
[0;1;30;90;46m8[0;37;46m8[0;36;47m88@[0;1;37;97;47m [0;1;36;96;47mS[0;1;37;97;47m  [0;36;47mX[0;1;37;97;47m  [0;36;47m8@[0;1;37;97;47m [0;36;47m8[0;37;46m8[0;36;47m88[0;35;5;40;100m:[0;1;30;90;44mS[0;34;5;40;100m8[0;36;5;40;100m@[0;1;30;90;47m8[0;36;47m8@8@8@88[0;1;30;90;46m8[0;1;30;90;47m8[0;1;30;90;46m8[0;1;30;90;47m8[0;1;30;90;46m@[0;34;5;40;100m@[0;36;5;40;100m8S[0m
[0;1;30;90;47mS[0;36;47m@[0;1;30;90;47m:[0;36;47m@[0;1;37;97;47m [0;1;36;96;47mS[0;1;37;97;47m    [0;1;36;96;47m@S[0;1;37;97;47m [0;37;5;47;107m888[0;1;37;97;47m [0;36;47m8[0;1;30;90;46m8[0;1;30;90;44m8[0;37;5;40;100m8[0;1;30;90;47m;[0;37;5;40;100m8[0;1;30;90;44mX[0;1;30;90;47m%[0;36;47mS[0;1;30;90;47m@[0;36;47mX@88[0;1;30;90;47m8[0;36;47m8[0;1;30;90;47m8[0;1;30;90;46m8[0;37;5;40;100mS[0;36;5;40;100m88@:[0m
[0;1;30;90;47m:[0;1;36;96;47mS[0;1;37;97;47m :;[0;37;5;47;107m8[0;1;37;97;47m.;t[0;1;36;96;47mS[0;1;37;97;47m  [0;36;5;40;100mX[0;1;30;90;47m8[0;35;5;40;100m%[0;1;30;90;47m88[0;1;37;97;47m [0;1;30;90;47m8[0;34;5;40;100m8[0;33;5;40;100mS[0;1;30;90;47m8[0;35;5;40;100m.[0;36;5;40;100m [0;1;37;97;47m@.. [0;1;36;96;47mS[0;1;30;90;47m8[0;36;47mXS[0;1;37;97;47m [0;36;47m@[0;1;30;90;47m8[0;1;30;90;46m8[0;36;5;40;100m;8t[0;1;30;90;47mX[0m
[0;1;30;90;47m.[0;1;37;97;47m:S[0;1;36;96;47m@[0;1;37;97;47m [0;37;5;47;107m88[0;1;37;97;47mtt  [0;1;36;96;47m%[0;1;30;90;47m8[0;35;5;40;100m [0;1;30;90;47mS[0;35;5;40;100m%[0;36;5;40;100m:[0;1;37;97;47m [0;36;47mS[0;34;5;40;100mS[0;33;5;40;100m [0;1;30;90;47mSS[0;1;37;97;47mtSt[0;1;36;96;47mS[0;1;37;97;47m     [0;36;47m8[0;36;44m%[0;34;5;40;100m8[0;35;5;40;100mS[0;1;30;90;44m8[0;36;5;40;100m8;[0;1;30;90;47m:[0m
[0;1;30;90;47m [0;1;37;97;47m%[0;1;36;96;47mS[0;36;5;40;100mt.[0;1;30;90;47mS[0;37;5;47;107m8[0;1;36;96;47mS[0;1;37;97;47mttt[0;1;36;96;47mS[0;34;5;40;100mX[0;35;5;40;100mS[0;36;5;40;100m8[0;34;5;40;100mX[0;1;30;90;46m8[0;1;37;97;47m ;[0;34;5;40;100m8[0;1;30;90;40m8[0;33;5;40;100m%[0;37;5;40;100mS[0;1;37;97;47mS8%;; [0;1;36;96;47mS[0;1;37;97;47m  [0;1;36;96;47mS[0;35;5;40;100mS[0;1;30;90;47mS[0;36;5;40;100mt[0;1;30;90;40m8[0;36;5;40;100m8[0;1;30;90;47m8[0;36;47mX[0m
[0;1;30;90;47m [0;1;36;96;47mX[0;1;30;90;47mX[0;36;44m@[0;35;5;40;100m%[0;1;37;97;47m [0;1;36;96;47mS[0;1;37;97;47m [0;1;36;96;47mS[0;1;37;97;47m:[0;1;36;96;47m8[0;35;44mt[0;34;40mX[0;34;5;40;100m8[0;36;5;40;100mX[0;1;30;90;47mS8[0;34;46m8[0;34;5;40;100m8[0;31;40mS[0;32;40m%[0;35;5;40;100m:[0;33;5;40;100m [0;34;5;40;100m8[0;36;47m@[0;1;37;97;47mX%t[0;1;36;96;47mXX[0;37;5;44;104m8[0;36;47m8@[0;1;30;90;47mX@[0;36;5;40;100mXS[0;34;5;40;100m@[0;1;30;90;46m8[0;1;30;90;47m:[0m
[0;1;30;90;46m88[0;36;5;40;100m8[0;1;30;90;44m8[0;37;5;40;100m8[0;36;5;40;100m;S[0;1;36;96;47mX[0;1;37;97;47m [0;34;5;44;104m8[0;34;5;40;100m8S[0;30;5;40;100m@[0;36;5;40;100m@[0;37;5;40;100mX[0;34;40m@S[0;1;30;90;40m8[0;30;5;40;100mX[0;34;40m8[0;1;30;90;40m888[0;1;30;90;46m8[0;36;5;40;100m:[0;1;30;90;46m8[0;37;46m@[0;36;47mX[0;1;37;97;47m [0;36;47mX8[0;1;30;90;46m8[0;36;47m88[0;1;30;90;47mt[0;37;5;40;100m@[0;35;5;40;100m:[0;1;30;90;47mX[0;1;37;97;47m [0;1;30;90;47m:[0m
[0;36;5;40;100m8[0;1;30;90;44m8[0;36;5;40;100mt[0;1;30;90;46m8[0;36;5;40;100m [0;1;30;90;47m8[0;1;30;90;44mX[0;36;5;40;100m;[0;36;47m8[0;36;5;40;100m t@[0;1;30;90;46m8[0;1;30;90;47mt[0;34;5;40;100m@[0;32;40mX[0;34;5;40;100m8[0;36;5;40;100m8[0;34;40m8[0;36;5;40;100m8[0;32;40mX[0;34;40mX[0;32;40m%[0;34;5;40;100m8[0;36;5;40;100mX8[0;1;30;90;44m%[0;30;44m@[0;1;37;97;47m [0;36;47m88[0;1;30;90;47m8[0;1;37;97;47m [0;1;34;94;46m8[0;1;30;90;47m%[0;36;5;40;100m8[0;37;5;40;100m%[0;37;5;47;107m8[0;1;37;97;47m;[0;1;30;90;47m.[0m
[0;34;5;40;100m@S[0;36;5;40;100m8[0;37;5;40;100mS[0;37;46m8[0;1;30;90;44mX[0;30;5;40;100m@[0;36;44m8[0;34;5;40;100m8@[0;36;5;40;100m8[0;1;30;90;46m8[0;1;30;90;47mX[0;36;5;40;100mt[0;30;44m8[0;1;30;90;40mX8[0;1;30;90;46m:[0;1;30;90;40m8[0;32;40mX[0;34;40mX[0;32;40m%[0;31;40m%[0;32;40mt[0;34;40mX[0;30;5;40;100m8[0;1;30;90;40mX[0;34;40mS[0;36;5;40;100m.[0;1;37;97;47m [0;36;47m@X8[0;36;5;40;100m:[0;1;30;90;46m8[0;34;5;40;100m@8[0;36;5;40;100m [0;1;37;97;47m %[0m
[0;1;30;90;44m8[0;32;40m@[0;36;5;40;100mS[0;34;5;40;100m8[0;36;5;40;100m t88[0;34;5;40;100m@[0;34;40m8[0;34;5;40;100m@[0;1;30;90;46m8[0;36;5;40;100mt[0;30;44m8[0;30;5;40;100m8[0;32;40mt[0;34;40m%[0;32;40mt[0;34;40mS[0;1;30;90;40mX[0;31;40mt[0;1;30;90;40mS[0;34;40mt[0;1;30;90;40mSS[0;36;5;40;100m8[0;34;40m;[0;32;40mS[0;1;30;90;47m8[0;1;37;97;47m;[0;1;36;96;47mS[0;37;45m8[0;30;44m;8[0;1;30;90;40m8[0;34;40m%t[0;32;40m;[0;37;5;40;100m@[0;1;37;97;47mX[0m
[0;34;40m%[0;30;5;40;100m8[0;1;30;90;44m8[0;34;5;40;100mX[0;36;5;40;100m8X8[0;1;30;90;46m8[0;1;30;90;44m8[0;36;5;40;100m8[0;34;5;40;100mS[0;1;30;90;46m8[0;30;44m8[0;32;40mS[0;1;30;90;40mX[0;31;40m;[0;1;30;90;40m8X[0;32;40mt[0;31;40mt[0;34;40mt[0;32;40mt[0;31;40mt[0;34;40mt[0;31;40mt[0;1;30;90;40m8[0;34;40m%[0;1;30;90;40m8[0;1;30;90;44m8[0;1;30;90;47mS[0;1;36;96;47mX[0;36;47m8[0;36;5;40;100m%t[0;1;30;90;47m;[0;36;5;40;100m.8[0;34;40mt[0;36;5;40;100m:[0;1;30;90;47m [0m
[0;34;5;40;100mX[0;1;30;90;40m8[0;32;40m%[0;1;30;90;44m8[0;30;5;40;100m8[0;1;30;90;46m@[0;36;5;40;100mX@[0;1;30;90;44m8[0;1;30;90;46mt[0;36;5;40;100m8[0;34;40m8[0;30;5;40;100m@8[0;31;40m:[0;34;40mt[0;1;30;90;40m8[0;34;40mS[0;1;30;90;40mX[0;32;40mt[0;31;40mt[0;34;40m%[0;32;40m%[0;31;40mt[0;32;40m%[0;34;40mt[0;32;40m%[0;34;40m;[0;32;40m%[0;36;5;40;100m8[0;1;30;90;47m88[0;36;5;40;100mt[0;1;30;90;44mX[0;36;5;40;100m8[0;30;44mX[0;34;40mt[0;30;5;40;100m@[0;36;5;40;100m@[0;1;30;90;47mt[0m
[0;31;40m:[0;34;5;40;100mS[0;36;5;40;100m@88[0;1;30;90;44m@[0;36;47m8[0;36;5;40;100mX[0;1;30;90;44m8[0;34;5;40;100mX[0;36;5;40;100mS8[0;30;5;40;100m@[0;34;40mt[0;32;40mt[0;31;40mt[0;1;30;90;40m8[0;30;5;40;100mX[0;34;40mt[0;32;40mt[0;1;30;90;40mS[0;31;40mt[0;34;40m%[0;32;40m%[0;34;40m%[0;31;40m%[0;30;5;40;100mX[0;1;30;90;40mS[0;34;40m;[0;30;5;40;100m8[0;1;30;90;47m8[0;36;47m@[0;36;5;40;100m@[0;34;40m8[0;30;5;40;100m8[0;36;5;40;100m8[0;34;40m%[0;1;30;90;40m8[0;36;5;40;100m [0;1;37;97;47m;[0m
[0;34;40m;[0;32;40m;[0;36;5;40;100m%[0;1;30;90;47m%[0;37;5;40;100mS[0;36;5;40;100mX[0;1;30;90;46m8[0;36;5;40;100m:[0;1;30;90;44m@[0;34;5;40;100mS[0;1;30;90;46mX[0;34;40m8[0;33;5;40;100m%[0;34;40m:[0;31;40mt[0;32;40mS[0;34;5;40;100m@[0;36;5;40;100m8[0;30;5;40;100mX[0;34;40m%[0;32;40mt[0;1;30;90;40mS[0;31;40mt[0;1;30;90;40mS[0;31;40mt[0;32;40mt[0;37;5;40;100mX[0;1;30;90;40m8[0;34;40m;X[0;36;5;40;100m:[0;1;30;90;47m8[0;30;44m@[0;30;5;40;100m8[0;34;40mS[0;30;5;40;100mX[0;1;30;90;40m8[0;36;5;40;100mt[0;1;30;90;47m@[0;36;5;40;100m;[0m
[0;34;5;40;100m8[0;1;30;90;40m8[0;34;40m8[0;34;5;40;100mS[0;1;30;90;44m8[0;34;5;40;100mX[0;1;30;90;46mX[0;1;30;90;44m8[0;34;5;40;100mS[0;34;40m8[0;1;30;90;46m8[0;36;5;40;100mS[0;34;40mt[0;31;40m;[0;34;40m%[0;32;40m%[0;1;30;90;40m@[0;34;40m;[0;1;30;90;40m8[0;32;40mt[0;31;40mt[0;34;40mt[0;32;40mt[0;34;40mt[0;32;40m%[0;34;40mt[0;36;5;40;100m% [0;34;40m;[0;32;40mt[0;34;5;40;100m@[0;36;5;40;100m@[0;31;40m:[0;34;40m;[0;30;5;40;100m8[0;34;5;40;100m8[0;36;5;40;100m [0;37;5;40;100m8[0;30;5;40;100m@[0;34;5;40;100m@[0m
[0;34;40mX[0;36;5;40;100m8[0;1;30;90;40m8[0;1;30;90;46m%%[0;1;30;90;44m8[0;34;5;40;100m8[0;32;40mS[0;34;5;40;100mX[0;1;30;90;46mt[0;37;5;40;100m@[0;36;5;40;100m;[0;31;40m:[0;32;40mt[0;1;30;90;40mS[0;34;40mt[0;32;5;40;100mS[0;34;40mX[0;1;30;90;40m@[0;34;40m;[0;32;40mt[0;31;40m%[0;34;40m%[0;31;40m%[0;34;40mt[0;31;40mt[0;34;40m:[0;1;30;90;47mX[0;30;5;40;100m@[0;31;40m.[0;1;30;90;40m8[0;36;5;40;100mt[0;34;40mt[0;1;30;90;40m@[0;36;5;40;100m8[0;34;40mt[0;31;5;40;100mS[0;30;5;40;100m@[0;34;5;40;100mX[0;32;40m8[0m
[0;34;40mSS[0;34;5;40;100m8[0;1;30;90;44m8[0;36;5;40;100m8[0;1;30;90;46mt[0;1;30;90;44m8[0;34;40mX[0;1;30;90;46mt[0;36;5;40;100m8[0;1;30;90;47mt[0;34;5;40;100m@[0;31;40mt[0;34;40m%[0;31;40mt[0;32;40mt[0;1;30;90;40m8[0;32;40m;[0;31;40mt[0;1;30;90;40mS[0;34;40mt[0;32;40m%[0;1;30;90;40mS[0;32;40mt[0;31;40mt[0;32;40m%[0;34;40m;[0;36;5;40;100m%[0;37;5;40;100m8[0;34;40mt[0;1;30;90;40m8[0;36;5;40;100m;[0;34;40mt[0;31;40mt[0;34;5;40;100mX[0;36;5;40;100m8[0;34;40mX[0;1;30;90;40m8[0;30;5;40;100mX[0;34;40m8[0m
[0;34;5;40;100m@[0;32;40m8[0;34;40mS[0;1;30;90;40m8[0;34;40m8[0;36;5;40;100m88[0;34;5;40;100mS[0;34;40mS[0;36;5;40;100m8[0;34;5;40;100m@[0;32;40m:[0;1;30;90;40mS[0;32;40m;[0;1;30;90;40m@[0;30;5;40;100m8[0;34;40m%[0;31;40mt[0;34;40m%[0;32;40m%[0;31;40m%[0;34;40m%[0;31;40mt[0;34;40mt[0;1;30;90;40mS[0;34;40mt[0;31;40m;[0;34;5;40;100mS[0;1;30;90;46m8[0;1;30;90;47m@@t[0;1;30;90;40m8[0;32;40m;[0;31;40m:[0;1;30;90;40m8[0;34;5;40;100m8[0;32;40mS[0;34;40m8[0;30;5;40;100m8[0m
[0;34;5;40;100mX[0;36;5;40;100m8[0;34;40m@[0;36;5;40;100m8[0;34;5;40;100mS[0;1;30;90;46mX[0;36;5;40;100m8[0;34;5;40;100mS[0;31;40m;[0;1;30;90;40m8[0;34;40mS[0;32;40mt[0;31;40mt[0;34;40mt[0;32;40mt[0;34;40m%[0;1;30;90;40mX[0;32;40mt[0;31;40mt[0;34;40m%[0;32;40m%[0;31;40m%[0;32;40m%[0;1;30;90;40mS[0;32;40m;[0;31;40mt[0;32;40mt[0;1;30;90;40m8[0;36;5;40;100m88[0;34;5;40;100mS[0;36;5;40;100m [0;34;5;40;100m@[0;32;40m.[0;34;40mt[0;30;5;40;100m@[0;34;40mX[0;30;5;40;100mS[0;1;30;90;40m88[0m
[0;34;5;40;100m8[0;34;40m8[0;32;5;40;100m8[0;34;40m@[0;36;5;40;100m88[0;1;30;90;46m8[0;36;5;40;100m@[0;34;5;40;100m8[0;36;5;40;100mX[0;31;40m;[0;34;40mt[0;32;40m%[0;31;40m%[0;1;30;90;40mS[0;31;40m;[0;32;40mt[0;34;40m%[0;32;40m%[0;31;40mS[0;34;40m%[0;32;40m%[0;34;40m%[0;31;40mt[0;34;40mt[0;32;40m%[0;34;40mt%[0;36;5;40;100mX[0;34;5;40;100m@[0;36;5;40;100m8@@[0;31;40m:[0;1;30;90;40m@[0;36;5;40;100m%[0;1;30;90;40m8[0;34;40m@[0;32;5;40;100m8[0;34;40mX[0m
[0;34;5;40;100mS[0;36;5;40;100m8[0;1;30;90;40m8[0;34;5;40;100m@S[0;1;30;90;46m8[0;36;5;40;100m%[0;34;5;40;100m8[0;36;5;40;100mt[0;1;30;90;40mX[0;31;40m:t[0;34;40m%[0;1;30;90;40mS[0;34;40mt[0;32;40m%[0;31;40m%[0;1;30;90;40mS[0;34;40mt[0;32;40m%[0;31;40m%[0;34;40m%[0;31;40m%[0;32;40mS[0;31;40m%[0;34;40m%[0;31;40m%[0;32;40mt[0;34;5;40;100mS[0;36;5;40;100m@[0;30;44m8[0;36;5;40;100m@[0;34;5;40;100m8[0;1;30;90;40m@[0;32;40mt[0;34;5;40;100mX[0;1;30;90;40m88[0;34;40mX[0;1;30;90;40m@[0m
[0;36;5;40;100m8[0;34;40mX[0;30;5;40;100m8[0;32;5;40;100mX[0;34;46m8[0;36;5;40;100mX[0;1;30;90;46m8[0;36;5;40;100m8[0;34;5;40;100m%[0;32;40m:[0;34;40mt[0;32;40mS[0;31;40m%[0;32;40m%[0;1;30;90;40mX[0;34;40mt[0;1;30;90;40m%[0;31;40m;[0;32;40mt[0;34;40m%[0;1;30;90;40mX[0;32;40mt[0;34;40mt[0;1;30;90;40mS[0;32;40m;[0;1;30;90;40mS[0;32;40mt[0;34;40mt[0;30;5;40;100m8[0;36;5;40;100mS[0;34;5;40;100m@[0;32;40m%[0;1;30;90;40m8[0;30;5;40;100m8[0;34;40mt[0;30;5;40;100m8[0;36;5;40;100mX[0;1;30;90;40m88[0;32;40mt[0m
[0;30;5;40;100m8[0;34;5;40;100mX[0;34;40m8[0;36;5;40;100m8[0;34;5;40;100m8[0;1;30;90;46m88[0;34;5;40;100m@[0;30;5;40;100m8[0;31;40m:[0;1;30;90;40mS[0;34;40mt[0;32;40mt[0;34;40mS[0;31;40m%[0;32;40mt[0;34;40mt[0;1;30;90;40mS[0;31;40mt[0;32;40mt[0;31;40mt[0;34;40mt[0;31;40m%[0;32;40mt[0;34;40m%[0;31;40mt[0;34;40mt[0;31;40mt[0;34;40m%[0;36;5;40;100m [0;37;46m8[0;34;5;40;100m8XX[0;32;40m;[0;30;5;40;100m8[0;36;5;40;100mX[0;34;40m@[0;1;30;90;40mX[0;34;40mt[0m
[0;36;5;40;100m88[0;34;5;40;100mS[0;1;30;90;46m;8[0;36;5;40;100m:[0;30;44m8[0;33;5;40;100mt[0;34;40mt[0;32;40mt[0;1;30;90;40mX[0;31;40m;[0;1;30;90;40mSS[0;34;40m;[0;31;40m%[0;32;40m%[0;34;40m%[0;1;30;90;40mS[0;34;40mt[0;1;30;90;40mS[0;32;40m%[0;1;30;90;40mS[0;31;40mt[0;32;40mt[0;34;40mt[0;32;40m%[0;31;40mt[0;32;40m%[0;34;5;40;100m8[0;36;5;40;100m88[0;34;40m8[0;1;30;90;40m8[0;34;40m@[0;36;5;40;100m8[0;34;5;40;100m@[0;32;40m:t[0;31;40m%[0m
[0;36;5;40;100m8[0;34;5;40;100m@[0;36;5;40;100m8[0;1;30;90;44m8[0;1;30;90;46m8[0;34;5;40;100mX[0;31;40mt[0;34;5;40;100mS[0;34;40mS[0;34;5;40;100m8[0;30;5;40;100m8[0;35;5;40;100m.[0;34;40m@[0;34;5;40;100mS[0;30;5;40;100m8[0;34;5;40;100m8[0;30;5;40;100m8[0;34;5;40;100m@[0;35;5;40;100mt X[0;34;5;40;100m8X[0;34;40m@[0;35;5;40;100m;[0;30;5;40;100m@[0;35;5;40;100mS[0;1;30;90;40m8[0;34;5;40;100m8[0;31;40m.[0;34;5;40;100m@[0;36;5;40;100m8[0;34;5;40;100m@[0;36;5;40;100m8[0;34;40mX[0;36;5;40;100m8[0;1;30;90;40m@[0;34;40m;[0;31;40m%[0;34;40m%[0m
[0;1;30;90;40mX[0;34;5;40;100mX[0;1;30;90;40m8[0;36;5;40;100m8[0;34;5;40;100mX[0;1;30;90;40m@88[0;34;5;40;100m8[0;34;40m8[0;34;5;40;100m@[0;37;5;40;100m8[0;35;5;40;100m .[0;34;5;40;100m8[0;35;5;40;100mX[0;37;5;40;100m@[0;1;30;90;44m8[0;35;5;40;100m8[0;1;30;90;47m8[0;1;30;90;44mX[0;35;5;40;100mX S[0;37;5;40;100mS[0;1;30;90;44m8[0;35;5;40;100m:[0;1;30;90;47m8[0;1;30;90;44m8[0;34;40mX[0;30;5;40;100m8[0;1;30;90;44m8[0;34;40m@[0;1;30;90;40m8[0;36;5;40;100m8[0;1;30;90;40m8[0;34;40mX[0;1;30;90;40mX[0;32;40m%[0;1;30;90;40mS[0m
[0;30;5;40;100m8[0;36;5;40;100m88[0;34;5;40;100mX[0;34;40m:[0;1;30;90;40m8[0;36;5;40;100m8[0;34;5;40;100mX[0;1;30;90;40m88[0;34;40m8[0;1;30;90;40m8[0;1;30;90;44m@[0;31;40mt[0;34;40m%tt[0;31;40mt[0;34;40mXS[0;32;40m%[0;34;40mt%%t[0;31;40mt[0;34;40mXt[0;31;40m%[0;32;40mt[0;34;40mt[0;1;30;90;40m88[0;1;30;90;44m8[0;34;40mS[0;32;40m%[0;31;40m%[0;34;40m%[0;1;30;90;40mX[0;31;40m;[0m
[0;34;5;40;100m8S[0;1;30;90;46m%[0;34;40mS[0;32;40mt[0;30;5;40;100m8[0;36;5;40;100mt;[0;1;30;90;46m@[0;34;5;40;100m8S[0;34;40m8[0;30;5;40;100m8[0;32;40mt[0;31;40m;[0;1;30;90;40m@[0;36;5;40;100m8[0;34;5;40;100mS[0;36;5;40;100m8[0;37;5;40;100m@[0;1;30;90;47m8[0;36;5;40;100mS[0;31;40mS[0;1;30;90;40m88[0;32;40mt[0;31;40m;[0;32;40mt[0;34;40mt[0;31;40mt[0;32;40m;[0;34;40mt[0;1;30;90;40m8[0;32;40m8[0;34;40m@[0;31;40m%[0;32;40m%[0;31;40mt[0;34;40mt[0;1;30;90;40mS[0m
[0;30;5;40;100m8[0;34;5;40;100m8[0;30;5;40;100m8[0;1;30;90;40m@S[0;34;5;40;100mS[0;36;5;40;100m@@[0;1;30;90;44mX[0;36;5;40;100m8..S:[0;34;5;40;100mS[0;36;5;40;100m:  [0;37;5;40;100m@[0;36;5;40;100m [0;1;30;90;47m8[0;36;5;40;100m  [0;37;5;40;100m@[0;36;5;40;100m.:%[0;35;5;40;100mS[0;32;5;40;100mX[0;30;5;40;100m@[0;35;5;40;100m:[0;30;5;40;100m@[0;34;5;40;100mS[0;36;5;40;100m@[0;30;5;40;100m8[0;34;40m%[0;32;40mt[0;1;30;90;40mS[0;32;40mt[0;31;40m;[0m
[0;1;30;90;40m88[0;30;5;40;100m888[0;34;5;40;100mXXS[0;32;5;40;100mS[0;36;5;40;100m:SX[0;35;5;40;100mt[0;32;40mt[0;30;5;40;100m8[0;36;5;40;100m::.X[0;34;5;40;100m8[0;36;5;40;100mt ;; :S[0;30;5;40;100m8[0;34;40mX[0;1;30;90;40m88[0;36;5;40;100mt[0;1;30;90;40m8[0;36;5;40;100m X[0;1;30;90;40m8X[0;34;40m;[0;1;30;90;40mS[0;34;40mt[0m
[0;30;5;40;100m88[0;1;30;90;40m@@8[0;30;5;40;100m888[0;1;30;90;40m8[0;34;5;40;100m8XX[0;32;40mt[0;34;40m%[0;1;30;90;40m8[0;34;40m8[0;34;5;40;100mX[0;1;30;90;40m8[0;34;40m8[0;36;5;40;100m8[0;34;5;40;100m8[0;36;5;40;100m8[0;1;30;90;44m8[0;34;5;40;100mXX[0;34;40mSt[0;1;30;90;40m8[0;32;40m%[0;34;40m@[0;32;40mt[0;31;40m.[0;1;30;90;40m8[0;36;5;40;100mX[0;34;5;40;100m8[0;1;30;90;40m8@XX@[0m
[0;30;5;40;100m8[0;1;30;90;40m888[0;30;5;40;100m8[0;1;30;90;40m8[0;36;5;40;100mX[0;30;5;40;100m8[0;34;5;40;100mXX[0;30;5;40;100mS[0;36;5;40;100m8[0;34;5;40;100mS[0;1;30;90;40m@[0;34;5;40;100m@S[0;1;30;90;40m@[0;34;5;40;100mXS[0;1;30;90;40m@8[0;34;5;40;100m8[0;1;30;90;40m@[0;30;5;40;100mX[0;1;30;90;40m8[0;30;5;40;100mX[0;34;5;40;100m@[0;30;5;40;100m8[0;34;5;40;100m@[0;1;30;90;40m8[0;34;5;40;100m@[0;1;30;90;40m8[0;34;5;40;100mX[0;36;5;40;100mX[0;1;30;90;40mSX[0;31;40m;[0;32;40mt[0;31;40m%[0;1;30;90;40mX[0m
[0;30;5;40;100m8@@[0;34;5;40;100m@[0;30;5;40;100m8888[0;1;30;90;40m8@@[0;34;40mt[0;31;40mt;[0;32;40mt[0;1;30;90;40mXS[0;32;40mt[0;31;40m%[0;1;30;90;40mXSS[0;32;40m%[0;34;40mS[0;32;40mS[0;34;40mS[0;1;30;90;40mX[0;32;40mt[0;1;30;90;40m@[0;31;40mt[0;32;40mt[0;34;40m;[0;31;40m;[0;34;40mt[0;1;30;90;40mXXX[0;34;40m%[0;32;40m%[0;34;40mt[0m
